              0	 -0.145
              1	 -0.145
              2	 -0.145
              3	 -0.145
              4	 -0.145
              5	 -0.145
              6	 -0.145
              7	 -0.145
              8	 -0.120
              9	 -0.135
             10	 -0.145
             11	 -0.150
             12	 -0.160
             13	 -0.155
             14	 -0.160
             15	 -0.175
             16	 -0.180
             17	 -0.185
             18	 -0.170
             19	 -0.155
             20	 -0.175
             21	 -0.180
             22	 -0.190
             23	 -0.180
             24	 -0.155
             25	 -0.135
             26	 -0.155
             27	 -0.190
             28	 -0.205
             29	 -0.235
             30	 -0.225
             31	 -0.245
             32	 -0.250
             33	 -0.260
             34	 -0.275
             35	 -0.275
             36	 -0.275
             37	 -0.265
             38	 -0.255
             39	 -0.265
             40	 -0.275
             41	 -0.290
             42	 -0.290
             43	 -0.290
             44	 -0.290
             45	 -0.285
             46	 -0.295
             47	 -0.305
             48	 -0.285
             49	 -0.275
             50	 -0.275
             51	 -0.280
             52	 -0.285
             53	 -0.305
             54	 -0.290
             55	 -0.300
             56	 -0.280
             57	 -0.290
             58	 -0.300
             59	 -0.315
             60	 -0.320
             61	 -0.335
             62	 -0.360
             63	 -0.385
             64	 -0.385
             65	 -0.405
             66	 -0.455
             67	 -0.485
             68	 -0.485
             69	 -0.425
             70	 -0.330
             71	 -0.220
             72	 -0.070
             73	  0.120
             74	  0.375
             75	  0.620
             76	  0.780
             77	  0.840
             78	  0.765
             79	  0.520
             80	  0.170
             81	 -0.165
             82	 -0.365
             83	 -0.435
             84	 -0.425
             85	 -0.370
             86	 -0.330
             87	 -0.325
             88	 -0.335
             89	 -0.345
             90	 -0.330
             91	 -0.325
             92	 -0.315
             93	 -0.310
             94	 -0.320
             95	 -0.335
             96	 -0.340
             97	 -0.325
             98	 -0.345
             99	 -0.335
            100	 -0.330
            101	 -0.335
            102	 -0.330
            103	 -0.325
            104	 -0.330
            105	 -0.330
            106	 -0.345
            107	 -0.355
            108	 -0.335
            109	 -0.325
            110	 -0.305
            111	 -0.320
            112	 -0.320
            113	 -0.330
            114	 -0.340
            115	 -0.335
            116	 -0.340
            117	 -0.345
            118	 -0.355
            119	 -0.355
            120	 -0.340
            121	 -0.330
            122	 -0.330
            123	 -0.330
            124	 -0.340
            125	 -0.350
            126	 -0.325
            127	 -0.325
            128	 -0.330
            129	 -0.330
            130	 -0.335
            131	 -0.335
            132	 -0.340
            133	 -0.330
            134	 -0.340
            135	 -0.350
            136	 -0.355
            137	 -0.350
            138	 -0.345
            139	 -0.330
            140	 -0.320
            141	 -0.335
            142	 -0.330
            143	 -0.345
            144	 -0.330
            145	 -0.335
            146	 -0.335
            147	 -0.345
            148	 -0.345
            149	 -0.355
            150	 -0.340
            151	 -0.340
            152	 -0.335
            153	 -0.330
            154	 -0.350
            155	 -0.350
            156	 -0.345
            157	 -0.335
            158	 -0.335
            159	 -0.335
            160	 -0.350
            161	 -0.355
            162	 -0.355
            163	 -0.345
            164	 -0.345
            165	 -0.335
            166	 -0.350
            167	 -0.360
            168	 -0.360
            169	 -0.360
            170	 -0.365
            171	 -0.360
            172	 -0.370
            173	 -0.385
            174	 -0.370
            175	 -0.360
            176	 -0.355
            177	 -0.360
            178	 -0.375
            179	 -0.375
            180	 -0.365
            181	 -0.365
            182	 -0.360
            183	 -0.360
            184	 -0.365
            185	 -0.370
            186	 -0.355
            187	 -0.330
            188	 -0.325
            189	 -0.325
            190	 -0.335
            191	 -0.340
            192	 -0.315
            193	 -0.300
            194	 -0.300
            195	 -0.290
            196	 -0.295
            197	 -0.290
            198	 -0.285
            199	 -0.275
            200	 -0.255
            201	 -0.250
            202	 -0.250
            203	 -0.265
            204	 -0.255
            205	 -0.245
            206	 -0.230
            207	 -0.245
            208	 -0.245
            209	 -0.255
            210	 -0.255
            211	 -0.240
            212	 -0.250
            213	 -0.255
            214	 -0.245
            215	 -0.255
            216	 -0.250
            217	 -0.250
            218	 -0.265
            219	 -0.260
            220	 -0.260
            221	 -0.265
            222	 -0.270
            223	 -0.265
            224	 -0.260
            225	 -0.275
            226	 -0.280
            227	 -0.290
            228	 -0.275
            229	 -0.270
            230	 -0.260
            231	 -0.280
            232	 -0.280
            233	 -0.285
            234	 -0.275
            235	 -0.275
            236	 -0.265
            237	 -0.270
            238	 -0.285
            239	 -0.290
            240	 -0.280
            241	 -0.275
            242	 -0.285
            243	 -0.280
            244	 -0.300
            245	 -0.300
            246	 -0.305
            247	 -0.295
            248	 -0.300
            249	 -0.310
            250	 -0.310
            251	 -0.305
            252	 -0.295
            253	 -0.285
            254	 -0.285
            255	 -0.290
            256	 -0.295
            257	 -0.310
            258	 -0.290
            259	 -0.295
            260	 -0.300
            261	 -0.305
            262	 -0.310
            263	 -0.325
            264	 -0.310
            265	 -0.300
            266	 -0.290
            267	 -0.310
            268	 -0.325
            269	 -0.330
            270	 -0.315
            271	 -0.300
            272	 -0.305
            273	 -0.310
            274	 -0.320
            275	 -0.330
            276	 -0.325
            277	 -0.315
            278	 -0.310
            279	 -0.305
            280	 -0.305
            281	 -0.310
            282	 -0.300
            283	 -0.305
            284	 -0.290
            285	 -0.300
            286	 -0.300
            287	 -0.305
            288	 -0.305
            289	 -0.290
            290	 -0.280
            291	 -0.295
            292	 -0.305
            293	 -0.315
            294	 -0.305
            295	 -0.295
            296	 -0.290
            297	 -0.280
            298	 -0.270
            299	 -0.275
            300	 -0.275
            301	 -0.270
            302	 -0.250
            303	 -0.250
            304	 -0.255
            305	 -0.225
            306	 -0.220
            307	 -0.205
            308	 -0.200
            309	 -0.205
            310	 -0.215
            311	 -0.230
            312	 -0.220
            313	 -0.225
            314	 -0.225
            315	 -0.225
            316	 -0.230
            317	 -0.235
            318	 -0.240
            319	 -0.235
            320	 -0.220
            321	 -0.210
            322	 -0.205
            323	 -0.245
            324	 -0.285
            325	 -0.285
            326	 -0.300
            327	 -0.310
            328	 -0.330
            329	 -0.330
            330	 -0.325
            331	 -0.315
            332	 -0.320
            333	 -0.315
            334	 -0.325
            335	 -0.340
            336	 -0.345
            337	 -0.340
            338	 -0.340
            339	 -0.350
            340	 -0.345
            341	 -0.355
            342	 -0.330
            343	 -0.335
            344	 -0.330
            345	 -0.320
            346	 -0.345
            347	 -0.355
            348	 -0.340
            349	 -0.330
            350	 -0.325
            351	 -0.330
            352	 -0.350
            353	 -0.365
            354	 -0.360
            355	 -0.380
            356	 -0.425
            357	 -0.445
            358	 -0.475
            359	 -0.510
            360	 -0.535
            361	 -0.505
            362	 -0.415
            363	 -0.300
            364	 -0.160
            365	 -0.015
            366	  0.235
            367	  0.490
            368	  0.720
            369	  0.875
            370	  0.940
            371	  0.905
            372	  0.755
            373	  0.490
            374	  0.165
            375	 -0.110
            376	 -0.270
            377	 -0.390
            378	 -0.450
            379	 -0.475
            380	 -0.455
            381	 -0.425
            382	 -0.390
            383	 -0.390
            384	 -0.385
            385	 -0.390
            386	 -0.380
            387	 -0.380
            388	 -0.380
            389	 -0.395
            390	 -0.385
            391	 -0.385
            392	 -0.385
            393	 -0.375
            394	 -0.395
            395	 -0.410
            396	 -0.410
            397	 -0.400
            398	 -0.395
            399	 -0.390
            400	 -0.405
            401	 -0.395
            402	 -0.385
            403	 -0.375
            404	 -0.390
            405	 -0.390
            406	 -0.405
            407	 -0.410
            408	 -0.410
            409	 -0.390
            410	 -0.390
            411	 -0.395
            412	 -0.405
            413	 -0.415
            414	 -0.400
            415	 -0.410
            416	 -0.405
            417	 -0.410
            418	 -0.415
            419	 -0.410
            420	 -0.400
            421	 -0.400
            422	 -0.395
            423	 -0.390
            424	 -0.405
            425	 -0.410
            426	 -0.390
            427	 -0.390
            428	 -0.385
            429	 -0.385
            430	 -0.410
            431	 -0.405
            432	 -0.395
            433	 -0.390
            434	 -0.375
            435	 -0.390
            436	 -0.395
            437	 -0.410
            438	 -0.400
            439	 -0.390
            440	 -0.390
            441	 -0.385
            442	 -0.405
            443	 -0.415
            444	 -0.415
            445	 -0.400
            446	 -0.395
            447	 -0.405
            448	 -0.415
            449	 -0.420
            450	 -0.420
            451	 -0.410
            452	 -0.415
            453	 -0.425
            454	 -0.420
            455	 -0.435
            456	 -0.430
            457	 -0.430
            458	 -0.420
            459	 -0.430
            460	 -0.450
            461	 -0.455
            462	 -0.450
            463	 -0.435
            464	 -0.445
            465	 -0.450
            466	 -0.455
            467	 -0.470
            468	 -0.460
            469	 -0.455
            470	 -0.450
            471	 -0.455
            472	 -0.470
            473	 -0.475
            474	 -0.460
            475	 -0.450
            476	 -0.445
            477	 -0.440
            478	 -0.435
            479	 -0.440
            480	 -0.410
            481	 -0.395
            482	 -0.370
            483	 -0.365
            484	 -0.360
            485	 -0.365
            486	 -0.340
            487	 -0.325
            488	 -0.315
            489	 -0.320
            490	 -0.330
            491	 -0.330
            492	 -0.320
            493	 -0.310
            494	 -0.300
            495	 -0.300
            496	 -0.320
            497	 -0.320
            498	 -0.315
            499	 -0.305
            500	 -0.305
            501	 -0.295
            502	 -0.320
            503	 -0.330
            504	 -0.305
            505	 -0.310
            506	 -0.300
            507	 -0.300
            508	 -0.320
            509	 -0.325
            510	 -0.310
            511	 -0.305
            512	 -0.315
            513	 -0.305
            514	 -0.315
            515	 -0.315
            516	 -0.310
            517	 -0.295
            518	 -0.290
            519	 -0.305
            520	 -0.310
            521	 -0.320
            522	 -0.315
            523	 -0.300
            524	 -0.315
            525	 -0.315
            526	 -0.315
            527	 -0.330
            528	 -0.315
            529	 -0.320
            530	 -0.315
            531	 -0.325
            532	 -0.335
            533	 -0.340
            534	 -0.335
            535	 -0.335
            536	 -0.330
            537	 -0.325
            538	 -0.345
            539	 -0.350
            540	 -0.345
            541	 -0.335
            542	 -0.330
            543	 -0.330
            544	 -0.345
            545	 -0.345
            546	 -0.345
            547	 -0.320
            548	 -0.330
            549	 -0.335
            550	 -0.340
            551	 -0.355
            552	 -0.335
            553	 -0.330
            554	 -0.330
            555	 -0.335
            556	 -0.355
            557	 -0.360
            558	 -0.355
            559	 -0.350
            560	 -0.340
            561	 -0.345
            562	 -0.345
            563	 -0.345
            564	 -0.345
            565	 -0.330
            566	 -0.330
            567	 -0.335
            568	 -0.345
            569	 -0.350
            570	 -0.350
            571	 -0.340
            572	 -0.330
            573	 -0.345
            574	 -0.345
            575	 -0.355
            576	 -0.350
            577	 -0.340
            578	 -0.330
            579	 -0.340
            580	 -0.340
            581	 -0.340
            582	 -0.330
            583	 -0.335
            584	 -0.330
            585	 -0.335
            586	 -0.345
            587	 -0.345
            588	 -0.340
            589	 -0.330
            590	 -0.315
            591	 -0.295
            592	 -0.300
            593	 -0.295
            594	 -0.285
            595	 -0.275
            596	 -0.265
            597	 -0.265
            598	 -0.265
            599	 -0.255
            600	 -0.250
            601	 -0.240
            602	 -0.225
            603	 -0.215
            604	 -0.240
            605	 -0.245
            606	 -0.240
            607	 -0.245
            608	 -0.235
            609	 -0.245
            610	 -0.250
            611	 -0.275
            612	 -0.275
            613	 -0.265
            614	 -0.250
            615	 -0.225
            616	 -0.220
            617	 -0.230
            618	 -0.265
            619	 -0.270
            620	 -0.280
            621	 -0.285
            622	 -0.305
            623	 -0.320
            624	 -0.340
            625	 -0.330
            626	 -0.335
            627	 -0.335
            628	 -0.355
            629	 -0.370
            630	 -0.360
            631	 -0.345
            632	 -0.350
            633	 -0.355
            634	 -0.365
            635	 -0.375
            636	 -0.380
            637	 -0.370
            638	 -0.365
            639	 -0.365
            640	 -0.380
            641	 -0.385
            642	 -0.380
            643	 -0.375
            644	 -0.355
            645	 -0.370
            646	 -0.390
            647	 -0.405
            648	 -0.410
            649	 -0.435
            650	 -0.465
            651	 -0.490
            652	 -0.520
            653	 -0.555
            654	 -0.570
            655	 -0.525
            656	 -0.405
            657	 -0.250
            658	 -0.090
            659	  0.120
            660	  0.410
            661	  0.690
            662	  0.885
            663	  0.960
            664	  0.850
            665	  0.520
            666	  0.050
            667	 -0.320
            668	 -0.500
            669	 -0.505
            670	 -0.445
            671	 -0.415
            672	 -0.395
            673	 -0.390
            674	 -0.395
            675	 -0.390
            676	 -0.395
            677	 -0.405
            678	 -0.395
            679	 -0.405
            680	 -0.390
            681	 -0.395
            682	 -0.395
            683	 -0.410
            684	 -0.405
            685	 -0.400
            686	 -0.400
            687	 -0.415
            688	 -0.405
            689	 -0.420
            690	 -0.415
            691	 -0.405
            692	 -0.405
            693	 -0.420
            694	 -0.420
            695	 -0.435
            696	 -0.420
            697	 -0.410
            698	 -0.410
            699	 -0.405
            700	 -0.425
            701	 -0.430
            702	 -0.420
            703	 -0.415
            704	 -0.410
            705	 -0.410
            706	 -0.425
            707	 -0.420
            708	 -0.400
            709	 -0.395
            710	 -0.400
            711	 -0.400
            712	 -0.395
            713	 -0.415
            714	 -0.405
            715	 -0.390
            716	 -0.400
            717	 -0.400
            718	 -0.415
            719	 -0.425
            720	 -0.425
            721	 -0.415
            722	 -0.415
            723	 -0.410
            724	 -0.425
            725	 -0.425
            726	 -0.420
            727	 -0.415
            728	 -0.400
            729	 -0.400
            730	 -0.410
            731	 -0.425
            732	 -0.410
            733	 -0.405
            734	 -0.395
            735	 -0.400
            736	 -0.400
            737	 -0.405
            738	 -0.385
            739	 -0.400
            740	 -0.390
            741	 -0.390
            742	 -0.400
            743	 -0.415
            744	 -0.405
            745	 -0.405
            746	 -0.410
            747	 -0.415
            748	 -0.420
            749	 -0.420
            750	 -0.425
            751	 -0.415
            752	 -0.415
            753	 -0.410
            754	 -0.435
            755	 -0.430
            756	 -0.435
            757	 -0.420
            758	 -0.420
            759	 -0.420
            760	 -0.420
            761	 -0.425
            762	 -0.425
            763	 -0.415
            764	 -0.395
            765	 -0.395
            766	 -0.390
            767	 -0.375
            768	 -0.360
            769	 -0.340
            770	 -0.335
            771	 -0.330
            772	 -0.335
            773	 -0.335
            774	 -0.325
            775	 -0.320
            776	 -0.305
            777	 -0.305
            778	 -0.315
            779	 -0.310
            780	 -0.305
            781	 -0.300
            782	 -0.300
            783	 -0.300
            784	 -0.310
            785	 -0.310
            786	 -0.310
            787	 -0.315
            788	 -0.300
            789	 -0.305
            790	 -0.315
            791	 -0.320
            792	 -0.325
            793	 -0.310
            794	 -0.305
            795	 -0.305
            796	 -0.320
            797	 -0.325
            798	 -0.305
            799	 -0.310
            800	 -0.295
            801	 -0.310
            802	 -0.325
            803	 -0.330
            804	 -0.320
            805	 -0.320
            806	 -0.320
            807	 -0.325
            808	 -0.350
            809	 -0.350
            810	 -0.340
            811	 -0.335
            812	 -0.330
            813	 -0.335
            814	 -0.340
            815	 -0.360
            816	 -0.350
            817	 -0.350
            818	 -0.355
            819	 -0.360
            820	 -0.355
            821	 -0.365
            822	 -0.355
            823	 -0.350
            824	 -0.340
            825	 -0.355
            826	 -0.350
            827	 -0.365
            828	 -0.365
            829	 -0.350
            830	 -0.355
            831	 -0.350
            832	 -0.370
            833	 -0.380
            834	 -0.370
            835	 -0.360
            836	 -0.365
            837	 -0.360
            838	 -0.365
            839	 -0.380
            840	 -0.370
            841	 -0.365
            842	 -0.350
            843	 -0.350
            844	 -0.350
            845	 -0.370
            846	 -0.365
            847	 -0.345
            848	 -0.345
            849	 -0.340
            850	 -0.355
            851	 -0.365
            852	 -0.360
            853	 -0.355
            854	 -0.355
            855	 -0.355
            856	 -0.375
            857	 -0.385
            858	 -0.355
            859	 -0.360
            860	 -0.355
            861	 -0.360
            862	 -0.360
            863	 -0.370
            864	 -0.360
            865	 -0.345
            866	 -0.355
            867	 -0.345
            868	 -0.345
            869	 -0.345
            870	 -0.340
            871	 -0.310
            872	 -0.305
            873	 -0.305
            874	 -0.310
            875	 -0.305
            876	 -0.290
            877	 -0.285
            878	 -0.275
            879	 -0.280
            880	 -0.280
            881	 -0.275
            882	 -0.265
            883	 -0.255
            884	 -0.245
            885	 -0.260
            886	 -0.265
            887	 -0.275
            888	 -0.280
            889	 -0.265
            890	 -0.270
            891	 -0.275
            892	 -0.280
            893	 -0.275
            894	 -0.280
            895	 -0.275
            896	 -0.265
            897	 -0.255
            898	 -0.240
            899	 -0.260
            900	 -0.280
            901	 -0.310
            902	 -0.310
            903	 -0.345
            904	 -0.360
            905	 -0.380
            906	 -0.385
            907	 -0.380
            908	 -0.370
            909	 -0.375
            910	 -0.385
            911	 -0.390
            912	 -0.395
            913	 -0.385
            914	 -0.385
            915	 -0.385
            916	 -0.395
            917	 -0.405
            918	 -0.400
            919	 -0.375
            920	 -0.375
            921	 -0.390
            922	 -0.395
            923	 -0.415
            924	 -0.405
            925	 -0.400
            926	 -0.390
            927	 -0.405
            928	 -0.425
            929	 -0.460
            930	 -0.475
            931	 -0.505
            932	 -0.510
            933	 -0.525
            934	 -0.540
            935	 -0.600
            936	 -0.645
            937	 -0.630
            938	 -0.575
            939	 -0.495
            940	 -0.385
            941	 -0.270
            942	 -0.115
            943	  0.090
            944	  0.370
            945	  0.635
            946	  0.810
            947	  0.860
            948	  0.770
            949	  0.475
            950	  0.065
            951	 -0.305
            952	 -0.500
            953	 -0.520
            954	 -0.475
            955	 -0.410
            956	 -0.390
            957	 -0.390
            958	 -0.400
            959	 -0.410
            960	 -0.405
            961	 -0.385
            962	 -0.390
            963	 -0.395
            964	 -0.405
            965	 -0.410
            966	 -0.405
            967	 -0.400
            968	 -0.390
            969	 -0.395
            970	 -0.410
            971	 -0.415
            972	 -0.410
            973	 -0.395
            974	 -0.405
            975	 -0.410
            976	 -0.405
            977	 -0.405
            978	 -0.410
            979	 -0.390
            980	 -0.385
            981	 -0.390
            982	 -0.395
            983	 -0.400
            984	 -0.400
            985	 -0.400
            986	 -0.395
            987	 -0.395
            988	 -0.405
            989	 -0.405
            990	 -0.400
            991	 -0.395
            992	 -0.385
            993	 -0.375
            994	 -0.385
            995	 -0.395
            996	 -0.390
            997	 -0.385
            998	 -0.375
            999	 -0.385
           1000	 -0.395
           1001	 -0.395
           1002	 -0.385
           1003	 -0.375
           1004	 -0.375
           1005	 -0.385
           1006	 -0.395
           1007	 -0.390
           1008	 -0.390
           1009	 -0.365
           1010	 -0.375
           1011	 -0.385
           1012	 -0.395
           1013	 -0.380
           1014	 -0.385
           1015	 -0.375
           1016	 -0.380
           1017	 -0.390
           1018	 -0.380
           1019	 -0.375
           1020	 -0.375
           1021	 -0.375
           1022	 -0.375
           1023	 -0.380
           1024	 -0.390
           1025	 -0.390
           1026	 -0.365
           1027	 -0.370
           1028	 -0.375
           1029	 -0.385
           1030	 -0.390
           1031	 -0.390
           1032	 -0.375
           1033	 -0.365
           1034	 -0.385
           1035	 -0.380
           1036	 -0.390
           1037	 -0.375
           1038	 -0.375
           1039	 -0.365
           1040	 -0.370
           1041	 -0.385
           1042	 -0.395
           1043	 -0.385
           1044	 -0.385
           1045	 -0.370
           1046	 -0.365
           1047	 -0.370
           1048	 -0.375
           1049	 -0.350
           1050	 -0.335
           1051	 -0.320
           1052	 -0.315
           1053	 -0.320
           1054	 -0.325
           1055	 -0.315
           1056	 -0.295
           1057	 -0.285
           1058	 -0.300
           1059	 -0.295
           1060	 -0.285
           1061	 -0.285
           1062	 -0.280
           1063	 -0.270
           1064	 -0.280
           1065	 -0.290
           1066	 -0.295
           1067	 -0.295
           1068	 -0.290
           1069	 -0.280
           1070	 -0.290
           1071	 -0.295
           1072	 -0.310
           1073	 -0.295
           1074	 -0.285
           1075	 -0.280
           1076	 -0.275
           1077	 -0.295
           1078	 -0.305
           1079	 -0.300
           1080	 -0.295
           1081	 -0.295
           1082	 -0.285
           1083	 -0.300
           1084	 -0.305
           1085	 -0.300
           1086	 -0.295
           1087	 -0.300
           1088	 -0.305
           1089	 -0.315
           1090	 -0.310
           1091	 -0.315
           1092	 -0.295
           1093	 -0.300
           1094	 -0.310
           1095	 -0.330
           1096	 -0.340
           1097	 -0.330
           1098	 -0.320
           1099	 -0.320
           1100	 -0.315
           1101	 -0.325
           1102	 -0.335
           1103	 -0.330
           1104	 -0.315
           1105	 -0.320
           1106	 -0.320
           1107	 -0.330
           1108	 -0.345
           1109	 -0.340
           1110	 -0.335
           1111	 -0.330
           1112	 -0.335
           1113	 -0.345
           1114	 -0.350
           1115	 -0.345
           1116	 -0.340
           1117	 -0.335
           1118	 -0.335
           1119	 -0.330
           1120	 -0.335
           1121	 -0.340
           1122	 -0.335
           1123	 -0.320
           1124	 -0.340
           1125	 -0.340
           1126	 -0.350
           1127	 -0.365
           1128	 -0.360
           1129	 -0.345
           1130	 -0.345
           1131	 -0.350
           1132	 -0.350
           1133	 -0.350
           1134	 -0.340
           1135	 -0.340
           1136	 -0.345
           1137	 -0.345
           1138	 -0.380
           1139	 -0.360
           1140	 -0.360
           1141	 -0.345
           1142	 -0.345
           1143	 -0.350
           1144	 -0.355
           1145	 -0.345
           1146	 -0.330
           1147	 -0.330
           1148	 -0.335
           1149	 -0.335
           1150	 -0.340
           1151	 -0.330
           1152	 -0.320
           1153	 -0.290
           1154	 -0.290
           1155	 -0.300
           1156	 -0.305
           1157	 -0.285
           1158	 -0.280
           1159	 -0.275
           1160	 -0.280
           1161	 -0.275
           1162	 -0.270
           1163	 -0.265
           1164	 -0.250
           1165	 -0.230
           1166	 -0.245
           1167	 -0.240
           1168	 -0.255
           1169	 -0.255
           1170	 -0.245
           1171	 -0.235
           1172	 -0.255
           1173	 -0.265
           1174	 -0.260
           1175	 -0.255
           1176	 -0.270
           1177	 -0.265
           1178	 -0.280
           1179	 -0.255
           1180	 -0.250
           1181	 -0.245
           1182	 -0.265
           1183	 -0.280
           1184	 -0.300
           1185	 -0.315
           1186	 -0.325
           1187	 -0.335
           1188	 -0.345
           1189	 -0.330
           1190	 -0.335
           1191	 -0.345
           1192	 -0.360
           1193	 -0.350
           1194	 -0.340
           1195	 -0.335
           1196	 -0.345
           1197	 -0.360
           1198	 -0.365
           1199	 -0.375
           1200	 -0.370
           1201	 -0.365
           1202	 -0.365
           1203	 -0.380
           1204	 -0.375
           1205	 -0.375
           1206	 -0.365
           1207	 -0.370
           1208	 -0.360
           1209	 -0.370
           1210	 -0.380
           1211	 -0.365
           1212	 -0.360
           1213	 -0.350
           1214	 -0.355
           1215	 -0.370
           1216	 -0.385
           1217	 -0.395
           1218	 -0.430
           1219	 -0.445
           1220	 -0.485
           1221	 -0.515
           1222	 -0.565
           1223	 -0.555
           1224	 -0.475
           1225	 -0.355
           1226	 -0.220
           1227	 -0.055
           1228	  0.185
           1229	  0.475
           1230	  0.705
           1231	  0.820
           1232	  0.780
           1233	  0.535
           1234	  0.145
           1235	 -0.200
           1236	 -0.420
           1237	 -0.500
           1238	 -0.480
           1239	 -0.450
           1240	 -0.410
           1241	 -0.400
           1242	 -0.390
           1243	 -0.390
           1244	 -0.400
           1245	 -0.405
           1246	 -0.425
           1247	 -0.425
           1248	 -0.405
           1249	 -0.395
           1250	 -0.405
           1251	 -0.405
           1252	 -0.415
           1253	 -0.405
           1254	 -0.385
           1255	 -0.390
           1256	 -0.395
           1257	 -0.395
           1258	 -0.395
           1259	 -0.395
           1260	 -0.385
           1261	 -0.390
           1262	 -0.390
           1263	 -0.400
           1264	 -0.425
           1265	 -0.410
           1266	 -0.400
           1267	 -0.395
           1268	 -0.400
           1269	 -0.405
           1270	 -0.425
           1271	 -0.415
           1272	 -0.405
           1273	 -0.405
           1274	 -0.405
           1275	 -0.410
           1276	 -0.415
           1277	 -0.405
           1278	 -0.420
           1279	 -0.405
           1280	 -0.410
           1281	 -0.410
           1282	 -0.420
           1283	 -0.415
           1284	 -0.405
           1285	 -0.395
           1286	 -0.395
           1287	 -0.395
           1288	 -0.400
           1289	 -0.395
           1290	 -0.395
           1291	 -0.405
           1292	 -0.405
           1293	 -0.420
           1294	 -0.435
           1295	 -0.415
           1296	 -0.405
           1297	 -0.395
           1298	 -0.390
           1299	 -0.415
           1300	 -0.405
           1301	 -0.405
           1302	 -0.400
           1303	 -0.395
           1304	 -0.395
           1305	 -0.405
           1306	 -0.420
           1307	 -0.415
           1308	 -0.400
           1309	 -0.395
           1310	 -0.400
           1311	 -0.405
           1312	 -0.425
           1313	 -0.425
           1314	 -0.425
           1315	 -0.420
           1316	 -0.425
           1317	 -0.450
           1318	 -0.445
           1319	 -0.450
           1320	 -0.435
           1321	 -0.445
           1322	 -0.470
           1323	 -0.455
           1324	 -0.460
           1325	 -0.440
           1326	 -0.435
           1327	 -0.425
           1328	 -0.430
           1329	 -0.445
           1330	 -0.450
           1331	 -0.445
           1332	 -0.430
           1333	 -0.420
           1334	 -0.410
           1335	 -0.425
           1336	 -0.420
           1337	 -0.405
           1338	 -0.380
           1339	 -0.370
           1340	 -0.365
           1341	 -0.365
           1342	 -0.365
           1343	 -0.345
           1344	 -0.330
           1345	 -0.315
           1346	 -0.305
           1347	 -0.305
           1348	 -0.320
           1349	 -0.310
           1350	 -0.310
           1351	 -0.305
           1352	 -0.310
           1353	 -0.315
           1354	 -0.320
           1355	 -0.315
           1356	 -0.305
           1357	 -0.305
           1358	 -0.295
           1359	 -0.310
           1360	 -0.320
           1361	 -0.310
           1362	 -0.315
           1363	 -0.295
           1364	 -0.300
           1365	 -0.305
           1366	 -0.300
           1367	 -0.285
           1368	 -0.280
           1369	 -0.290
           1370	 -0.295
           1371	 -0.305
           1372	 -0.325
           1373	 -0.305
           1374	 -0.300
           1375	 -0.300
           1376	 -0.315
           1377	 -0.325
           1378	 -0.335
           1379	 -0.325
           1380	 -0.315
           1381	 -0.320
           1382	 -0.335
           1383	 -0.330
           1384	 -0.340
           1385	 -0.325
           1386	 -0.325
           1387	 -0.320
           1388	 -0.315
           1389	 -0.335
           1390	 -0.335
           1391	 -0.345
           1392	 -0.335
           1393	 -0.325
           1394	 -0.330
           1395	 -0.315
           1396	 -0.335
           1397	 -0.330
           1398	 -0.330
           1399	 -0.330
           1400	 -0.330
           1401	 -0.335
           1402	 -0.340
           1403	 -0.330
           1404	 -0.320
           1405	 -0.315
           1406	 -0.325
           1407	 -0.335
           1408	 -0.355
           1409	 -0.345
           1410	 -0.340
           1411	 -0.335
           1412	 -0.320
           1413	 -0.325
           1414	 -0.350
           1415	 -0.330
           1416	 -0.315
           1417	 -0.315
           1418	 -0.330
           1419	 -0.330
           1420	 -0.335
           1421	 -0.335
           1422	 -0.330
           1423	 -0.330
           1424	 -0.330
           1425	 -0.340
           1426	 -0.340
           1427	 -0.340
           1428	 -0.325
           1429	 -0.325
           1430	 -0.325
           1431	 -0.345
           1432	 -0.350
           1433	 -0.340
           1434	 -0.330
           1435	 -0.320
           1436	 -0.310
           1437	 -0.305
           1438	 -0.305
           1439	 -0.275
           1440	 -0.270
           1441	 -0.255
           1442	 -0.260
           1443	 -0.265
           1444	 -0.260
           1445	 -0.250
           1446	 -0.235
           1447	 -0.235
           1448	 -0.220
           1449	 -0.235
           1450	 -0.235
           1451	 -0.220
           1452	 -0.230
           1453	 -0.225
           1454	 -0.235
           1455	 -0.245
           1456	 -0.255
           1457	 -0.240
           1458	 -0.230
           1459	 -0.230
           1460	 -0.250
           1461	 -0.255
           1462	 -0.250
           1463	 -0.230
           1464	 -0.205
           1465	 -0.195
           1466	 -0.210
           1467	 -0.230
           1468	 -0.270
           1469	 -0.270
           1470	 -0.285
           1471	 -0.285
           1472	 -0.310
           1473	 -0.330
           1474	 -0.340
           1475	 -0.340
           1476	 -0.345
           1477	 -0.350
           1478	 -0.350
           1479	 -0.340
           1480	 -0.355
           1481	 -0.345
           1482	 -0.340
           1483	 -0.340
           1484	 -0.345
           1485	 -0.355
           1486	 -0.370
           1487	 -0.355
           1488	 -0.370
           1489	 -0.345
           1490	 -0.340
           1491	 -0.360
           1492	 -0.380
           1493	 -0.360
           1494	 -0.345
           1495	 -0.350
           1496	 -0.350
           1497	 -0.355
           1498	 -0.380
           1499	 -0.390
           1500	 -0.395
           1501	 -0.425
           1502	 -0.455
           1503	 -0.475
           1504	 -0.510
           1505	 -0.545
           1506	 -0.540
           1507	 -0.495
           1508	 -0.405
           1509	 -0.295
           1510	 -0.160
           1511	  0.040
           1512	  0.315
           1513	  0.595
           1514	  0.800
           1515	  0.885
           1516	  0.795
           1517	  0.520
           1518	  0.130
           1519	 -0.215
           1520	 -0.425
           1521	 -0.500
           1522	 -0.490
           1523	 -0.450
           1524	 -0.400
           1525	 -0.390
           1526	 -0.395
           1527	 -0.395
           1528	 -0.400
           1529	 -0.390
           1530	 -0.380
           1531	 -0.385
           1532	 -0.385
           1533	 -0.400
           1534	 -0.410
           1535	 -0.410
           1536	 -0.390
           1537	 -0.390
           1538	 -0.405
           1539	 -0.405
           1540	 -0.415
           1541	 -0.410
           1542	 -0.395
           1543	 -0.395
           1544	 -0.400
           1545	 -0.415
           1546	 -0.415
           1547	 -0.415
           1548	 -0.400
           1549	 -0.390
           1550	 -0.390
           1551	 -0.410
           1552	 -0.415
           1553	 -0.405
           1554	 -0.395
           1555	 -0.395
           1556	 -0.395
           1557	 -0.405
           1558	 -0.410
           1559	 -0.410
           1560	 -0.400
           1561	 -0.390
           1562	 -0.395
           1563	 -0.410
           1564	 -0.425
           1565	 -0.415
           1566	 -0.405
           1567	 -0.410
           1568	 -0.405
           1569	 -0.415
           1570	 -0.425
           1571	 -0.425
           1572	 -0.410
           1573	 -0.395
           1574	 -0.390
           1575	 -0.400
           1576	 -0.410
           1577	 -0.410
           1578	 -0.400
           1579	 -0.390
           1580	 -0.410
           1581	 -0.420
           1582	 -0.420
           1583	 -0.415
           1584	 -0.415
           1585	 -0.405
           1586	 -0.420
           1587	 -0.415
           1588	 -0.425
           1589	 -0.410
           1590	 -0.400
           1591	 -0.405
           1592	 -0.400
           1593	 -0.400
           1594	 -0.410
           1595	 -0.400
           1596	 -0.395
           1597	 -0.395
           1598	 -0.405
           1599	 -0.410
           1600	 -0.425
           1601	 -0.425
           1602	 -0.410
           1603	 -0.410
           1604	 -0.420
           1605	 -0.430
           1606	 -0.445
           1607	 -0.440
           1608	 -0.435
           1609	 -0.430
           1610	 -0.430
           1611	 -0.450
           1612	 -0.445
           1613	 -0.445
           1614	 -0.435
           1615	 -0.435
           1616	 -0.445
           1617	 -0.440
           1618	 -0.450
           1619	 -0.430
           1620	 -0.430
           1621	 -0.415
           1622	 -0.400
           1623	 -0.400
           1624	 -0.385
           1625	 -0.365
           1626	 -0.335
           1627	 -0.330
           1628	 -0.325
           1629	 -0.330
           1630	 -0.330
           1631	 -0.310
           1632	 -0.295
           1633	 -0.285
           1634	 -0.290
           1635	 -0.290
           1636	 -0.310
           1637	 -0.295
           1638	 -0.285
           1639	 -0.280
           1640	 -0.300
           1641	 -0.290
           1642	 -0.295
           1643	 -0.290
           1644	 -0.280
           1645	 -0.275
           1646	 -0.275
           1647	 -0.290
           1648	 -0.290
           1649	 -0.285
           1650	 -0.270
           1651	 -0.270
           1652	 -0.270
           1653	 -0.275
           1654	 -0.290
           1655	 -0.285
           1656	 -0.275
           1657	 -0.275
           1658	 -0.290
           1659	 -0.295
           1660	 -0.305
           1661	 -0.295
           1662	 -0.295
           1663	 -0.285
           1664	 -0.290
           1665	 -0.300
           1666	 -0.305
           1667	 -0.310
           1668	 -0.295
           1669	 -0.300
           1670	 -0.305
           1671	 -0.310
           1672	 -0.325
           1673	 -0.325
           1674	 -0.315
           1675	 -0.310
           1676	 -0.315
           1677	 -0.315
           1678	 -0.325
           1679	 -0.320
           1680	 -0.310
           1681	 -0.320
           1682	 -0.315
           1683	 -0.330
           1684	 -0.330
           1685	 -0.320
           1686	 -0.310
           1687	 -0.310
           1688	 -0.310
           1689	 -0.330
           1690	 -0.335
           1691	 -0.330
           1692	 -0.320
           1693	 -0.325
           1694	 -0.325
           1695	 -0.330
           1696	 -0.335
           1697	 -0.330
           1698	 -0.325
           1699	 -0.325
           1700	 -0.320
           1701	 -0.325
           1702	 -0.330
           1703	 -0.325
           1704	 -0.315
           1705	 -0.305
           1706	 -0.325
           1707	 -0.315
           1708	 -0.335
           1709	 -0.330
           1710	 -0.310
           1711	 -0.320
           1712	 -0.330
           1713	 -0.330
           1714	 -0.335
           1715	 -0.330
           1716	 -0.330
           1717	 -0.320
           1718	 -0.320
           1719	 -0.330
           1720	 -0.330
           1721	 -0.325
           1722	 -0.315
           1723	 -0.315
           1724	 -0.315
           1725	 -0.330
           1726	 -0.330
           1727	 -0.320
           1728	 -0.315
           1729	 -0.305
           1730	 -0.305
           1731	 -0.295
           1732	 -0.315
           1733	 -0.300
           1734	 -0.275
           1735	 -0.255
           1736	 -0.255
           1737	 -0.260
           1738	 -0.265
           1739	 -0.255
           1740	 -0.235
           1741	 -0.230
           1742	 -0.225
           1743	 -0.220
           1744	 -0.220
           1745	 -0.215
           1746	 -0.200
           1747	 -0.205
           1748	 -0.205
           1749	 -0.225
           1750	 -0.235
           1751	 -0.240
           1752	 -0.230
           1753	 -0.215
           1754	 -0.240
           1755	 -0.240
           1756	 -0.250
           1757	 -0.235
           1758	 -0.210
           1759	 -0.200
           1760	 -0.220
           1761	 -0.255
           1762	 -0.275
           1763	 -0.285
           1764	 -0.300
           1765	 -0.305
           1766	 -0.320
           1767	 -0.330
           1768	 -0.325
           1769	 -0.320
           1770	 -0.330
           1771	 -0.330
           1772	 -0.335
           1773	 -0.340
           1774	 -0.345
           1775	 -0.340
           1776	 -0.335
           1777	 -0.320
           1778	 -0.325
           1779	 -0.335
           1780	 -0.345
           1781	 -0.345
           1782	 -0.345
           1783	 -0.335
           1784	 -0.340
           1785	 -0.345
           1786	 -0.355
           1787	 -0.340
           1788	 -0.340
           1789	 -0.340
           1790	 -0.340
           1791	 -0.345
           1792	 -0.355
           1793	 -0.365
           1794	 -0.370
           1795	 -0.405
           1796	 -0.445
           1797	 -0.480
           1798	 -0.495
           1799	 -0.520
           1800	 -0.535
           1801	 -0.505
           1802	 -0.415
           1803	 -0.280
           1804	 -0.135
           1805	  0.065
           1806	  0.300
           1807	  0.580
           1808	  0.810
           1809	  0.945
           1810	  0.920
           1811	  0.775
           1812	  0.445
           1813	  0.020
           1814	 -0.295
           1815	 -0.445
           1816	 -0.470
           1817	 -0.425
           1818	 -0.380
           1819	 -0.360
           1820	 -0.360
           1821	 -0.370
           1822	 -0.380
           1823	 -0.380
           1824	 -0.375
           1825	 -0.370
           1826	 -0.365
           1827	 -0.370
           1828	 -0.385
           1829	 -0.385
           1830	 -0.375
           1831	 -0.370
           1832	 -0.370
           1833	 -0.385
           1834	 -0.395
           1835	 -0.385
           1836	 -0.385
           1837	 -0.390
           1838	 -0.385
           1839	 -0.395
           1840	 -0.410
           1841	 -0.400
           1842	 -0.395
           1843	 -0.380
           1844	 -0.395
           1845	 -0.395
           1846	 -0.400
           1847	 -0.400
           1848	 -0.395
           1849	 -0.390
           1850	 -0.390
           1851	 -0.395
           1852	 -0.405
           1853	 -0.390
           1854	 -0.385
           1855	 -0.375
           1856	 -0.375
           1857	 -0.380
           1858	 -0.390
           1859	 -0.385
           1860	 -0.370
           1861	 -0.370
           1862	 -0.370
           1863	 -0.375
           1864	 -0.385
           1865	 -0.370
           1866	 -0.390
           1867	 -0.375
           1868	 -0.370
           1869	 -0.380
           1870	 -0.390
           1871	 -0.390
           1872	 -0.385
           1873	 -0.375
           1874	 -0.375
           1875	 -0.385
           1876	 -0.395
           1877	 -0.390
           1878	 -0.385
           1879	 -0.375
           1880	 -0.380
           1881	 -0.385
           1882	 -0.390
           1883	 -0.380
           1884	 -0.380
           1885	 -0.370
           1886	 -0.370
           1887	 -0.365
           1888	 -0.390
           1889	 -0.365
           1890	 -0.365
           1891	 -0.360
           1892	 -0.375
           1893	 -0.380
           1894	 -0.400
           1895	 -0.390
           1896	 -0.375
           1897	 -0.375
           1898	 -0.370
           1899	 -0.385
           1900	 -0.390
           1901	 -0.390
           1902	 -0.390
           1903	 -0.390
           1904	 -0.375
           1905	 -0.385
           1906	 -0.395
           1907	 -0.380
           1908	 -0.370
           1909	 -0.375
           1910	 -0.375
           1911	 -0.390
           1912	 -0.405
           1913	 -0.375
           1914	 -0.370
           1915	 -0.360
           1916	 -0.375
           1917	 -0.385
           1918	 -0.380
           1919	 -0.370
           1920	 -0.360
           1921	 -0.345
           1922	 -0.345
           1923	 -0.330
           1924	 -0.330
           1925	 -0.315
           1926	 -0.310
           1927	 -0.295
           1928	 -0.285
           1929	 -0.285
           1930	 -0.295
           1931	 -0.280
           1932	 -0.270
           1933	 -0.280
           1934	 -0.280
           1935	 -0.280
           1936	 -0.290
           1937	 -0.290
           1938	 -0.280
           1939	 -0.275
           1940	 -0.280
           1941	 -0.285
           1942	 -0.290
           1943	 -0.290
           1944	 -0.280
           1945	 -0.280
           1946	 -0.285
           1947	 -0.290
           1948	 -0.300
           1949	 -0.295
           1950	 -0.285
           1951	 -0.280
           1952	 -0.285
           1953	 -0.285
           1954	 -0.295
           1955	 -0.285
           1956	 -0.280
           1957	 -0.275
           1958	 -0.280
           1959	 -0.290
           1960	 -0.310
           1961	 -0.305
           1962	 -0.285
           1963	 -0.270
           1964	 -0.270
           1965	 -0.275
           1966	 -0.285
           1967	 -0.285
           1968	 -0.270
           1969	 -0.265
           1970	 -0.265
           1971	 -0.265
           1972	 -0.280
           1973	 -0.265
           1974	 -0.245
           1975	 -0.235
           1976	 -0.235
           1977	 -0.250
           1978	 -0.250
           1979	 -0.245
           1980	 -0.215
           1981	 -0.220
           1982	 -0.245
           1983	 -0.255
           1984	 -0.230
           1985	 -0.205
           1986	 -0.210
           1987	 -0.220
           1988	 -0.230
           1989	 -0.240
           1990	 -0.240
           1991	 -0.245
           1992	 -0.250
           1993	 -0.270
           1994	 -0.285
           1995	 -0.315
           1996	 -0.320
           1997	 -0.320
           1998	 -0.310
           1999	 -0.330
           2000	 -0.340
           2001	 -0.345
           2002	 -0.360
           2003	 -0.365
           2004	 -0.360
           2005	 -0.350
           2006	 -0.355
           2007	 -0.375
           2008	 -0.385
           2009	 -0.375
           2010	 -0.370
           2011	 -0.365
           2012	 -0.365
           2013	 -0.370
           2014	 -0.380
           2015	 -0.360
           2016	 -0.350
           2017	 -0.355
           2018	 -0.355
           2019	 -0.350
           2020	 -0.365
           2021	 -0.350
           2022	 -0.350
           2023	 -0.340
           2024	 -0.355
           2025	 -0.350
           2026	 -0.375
           2027	 -0.365
           2028	 -0.375
           2029	 -0.400
           2030	 -0.430
           2031	 -0.475
           2032	 -0.520
           2033	 -0.520
           2034	 -0.550
           2035	 -0.570
           2036	 -0.540
           2037	 -0.445
           2038	 -0.305
           2039	 -0.140
           2040	  0.025
           2041	  0.260
           2042	  0.510
           2043	  0.735
           2044	  0.845
           2045	  0.875
           2046	  0.735
           2047	  0.400
           2048	 -0.025
           2049	 -0.335
           2050	 -0.480
           2051	 -0.470
           2052	 -0.415
           2053	 -0.375
           2054	 -0.365
           2055	 -0.385
           2056	 -0.400
           2057	 -0.380
           2058	 -0.390
           2059	 -0.375
           2060	 -0.385
           2061	 -0.395
           2062	 -0.405
           2063	 -0.390
           2064	 -0.380
           2065	 -0.385
           2066	 -0.385
           2067	 -0.395
           2068	 -0.400
           2069	 -0.405
           2070	 -0.400
           2071	 -0.390
           2072	 -0.390
           2073	 -0.395
           2074	 -0.400
           2075	 -0.390
           2076	 -0.385
           2077	 -0.390
           2078	 -0.385
           2079	 -0.410
           2080	 -0.420
           2081	 -0.405
           2082	 -0.410
           2083	 -0.390
           2084	 -0.390
           2085	 -0.390
           2086	 -0.400
           2087	 -0.400
           2088	 -0.390
           2089	 -0.375
           2090	 -0.380
           2091	 -0.395
           2092	 -0.400
           2093	 -0.390
           2094	 -0.400
           2095	 -0.390
           2096	 -0.395
           2097	 -0.410
           2098	 -0.415
           2099	 -0.405
           2100	 -0.385
           2101	 -0.385
           2102	 -0.380
           2103	 -0.400
           2104	 -0.400
           2105	 -0.395
           2106	 -0.390
           2107	 -0.380
           2108	 -0.375
           2109	 -0.395
           2110	 -0.395
           2111	 -0.385
           2112	 -0.380
           2113	 -0.375
           2114	 -0.385
           2115	 -0.390
           2116	 -0.400
           2117	 -0.400
           2118	 -0.385
           2119	 -0.380
           2120	 -0.395
           2121	 -0.390
           2122	 -0.400
           2123	 -0.395
           2124	 -0.385
           2125	 -0.380
           2126	 -0.385
           2127	 -0.395
           2128	 -0.405
           2129	 -0.400
           2130	 -0.390
           2131	 -0.380
           2132	 -0.380
           2133	 -0.385
           2134	 -0.405
           2135	 -0.395
           2136	 -0.400
           2137	 -0.390
           2138	 -0.400
           2139	 -0.405
           2140	 -0.425
           2141	 -0.420
           2142	 -0.405
           2143	 -0.400
           2144	 -0.405
           2145	 -0.405
           2146	 -0.415
           2147	 -0.400
           2148	 -0.390
           2149	 -0.380
           2150	 -0.385
           2151	 -0.395
           2152	 -0.405
           2153	 -0.390
           2154	 -0.370
           2155	 -0.370
           2156	 -0.370
           2157	 -0.385
           2158	 -0.370
           2159	 -0.355
           2160	 -0.345
           2161	 -0.340
           2162	 -0.335
           2163	 -0.340
           2164	 -0.355
           2165	 -0.335
           2166	 -0.325
           2167	 -0.310
           2168	 -0.305
           2169	 -0.305
           2170	 -0.320
           2171	 -0.315
           2172	 -0.310
           2173	 -0.305
           2174	 -0.305
           2175	 -0.330
           2176	 -0.325
           2177	 -0.345
           2178	 -0.325
           2179	 -0.315
           2180	 -0.315
           2181	 -0.305
           2182	 -0.310
           2183	 -0.310
           2184	 -0.300
           2185	 -0.305
           2186	 -0.305
           2187	 -0.315
           2188	 -0.320
           2189	 -0.325
           2190	 -0.315
           2191	 -0.305
           2192	 -0.315
           2193	 -0.325
           2194	 -0.325
           2195	 -0.330
           2196	 -0.315
           2197	 -0.315
           2198	 -0.310
           2199	 -0.330
           2200	 -0.340
           2201	 -0.335
           2202	 -0.330
           2203	 -0.345
           2204	 -0.355
           2205	 -0.365
           2206	 -0.370
           2207	 -0.345
           2208	 -0.340
           2209	 -0.340
           2210	 -0.345
           2211	 -0.360
           2212	 -0.365
           2213	 -0.360
           2214	 -0.360
           2215	 -0.345
           2216	 -0.355
           2217	 -0.365
           2218	 -0.350
           2219	 -0.360
           2220	 -0.350
           2221	 -0.340
           2222	 -0.345
           2223	 -0.355
           2224	 -0.370
           2225	 -0.350
           2226	 -0.350
           2227	 -0.350
           2228	 -0.345
           2229	 -0.350
           2230	 -0.355
           2231	 -0.360
           2232	 -0.345
           2233	 -0.355
           2234	 -0.350
           2235	 -0.360
           2236	 -0.370
           2237	 -0.355
           2238	 -0.355
           2239	 -0.350
           2240	 -0.355
           2241	 -0.360
           2242	 -0.390
           2243	 -0.385
           2244	 -0.360
           2245	 -0.360
           2246	 -0.370
           2247	 -0.370
           2248	 -0.390
           2249	 -0.375
           2250	 -0.370
           2251	 -0.350
           2252	 -0.340
           2253	 -0.345
           2254	 -0.360
           2255	 -0.360
           2256	 -0.350
           2257	 -0.350
           2258	 -0.335
           2259	 -0.360
           2260	 -0.365
           2261	 -0.365
           2262	 -0.360
           2263	 -0.360
           2264	 -0.365
           2265	 -0.375
           2266	 -0.385
           2267	 -0.385
           2268	 -0.365
           2269	 -0.370
           2270	 -0.375
           2271	 -0.370
           2272	 -0.375
           2273	 -0.365
           2274	 -0.355
           2275	 -0.355
           2276	 -0.360
           2277	 -0.365
           2278	 -0.370
           2279	 -0.360
           2280	 -0.350
           2281	 -0.340
           2282	 -0.345
           2283	 -0.340
           2284	 -0.350
           2285	 -0.345
           2286	 -0.350
           2287	 -0.360
           2288	 -0.350
           2289	 -0.360
           2290	 -0.370
           2291	 -0.360
           2292	 -0.360
           2293	 -0.355
           2294	 -0.360
           2295	 -0.375
           2296	 -0.375
           2297	 -0.370
           2298	 -0.350
           2299	 -0.355
           2300	 -0.360
           2301	 -0.365
           2302	 -0.375
           2303	 -0.370
           2304	 -0.365
           2305	 -0.360
           2306	 -0.355
           2307	 -0.360
           2308	 -0.360
           2309	 -0.350
           2310	 -0.340
           2311	 -0.345
           2312	 -0.345
           2313	 -0.355
           2314	 -0.360
           2315	 -0.360
           2316	 -0.365
           2317	 -0.345
           2318	 -0.355
           2319	 -0.350
           2320	 -0.360
           2321	 -0.355
           2322	 -0.360
           2323	 -0.345
           2324	 -0.335
           2325	 -0.330
           2326	 -0.330
           2327	 -0.310
           2328	 -0.305
           2329	 -0.300
           2330	 -0.305
           2331	 -0.295
           2332	 -0.305
           2333	 -0.285
           2334	 -0.275
           2335	 -0.265
           2336	 -0.255
           2337	 -0.255
           2338	 -0.260
           2339	 -0.265
           2340	 -0.255
           2341	 -0.255
           2342	 -0.260
           2343	 -0.280
           2344	 -0.290
           2345	 -0.280
           2346	 -0.270
           2347	 -0.255
           2348	 -0.275
           2349	 -0.290
           2350	 -0.320
           2351	 -0.300
           2352	 -0.295
           2353	 -0.270
           2354	 -0.265
           2355	 -0.270
           2356	 -0.285
           2357	 -0.300
           2358	 -0.310
           2359	 -0.315
           2360	 -0.320
           2361	 -0.350
           2362	 -0.370
           2363	 -0.365
           2364	 -0.365
           2365	 -0.365
           2366	 -0.370
           2367	 -0.370
           2368	 -0.370
           2369	 -0.380
           2370	 -0.360
           2371	 -0.375
           2372	 -0.375
           2373	 -0.400
           2374	 -0.420
           2375	 -0.405
           2376	 -0.400
           2377	 -0.385
           2378	 -0.380
           2379	 -0.400
           2380	 -0.415
           2381	 -0.405
           2382	 -0.395
           2383	 -0.395
           2384	 -0.395
           2385	 -0.410
           2386	 -0.430
           2387	 -0.440
           2388	 -0.455
           2389	 -0.490
           2390	 -0.485
           2391	 -0.520
           2392	 -0.570
           2393	 -0.575
           2394	 -0.525
           2395	 -0.420
           2396	 -0.305
           2397	 -0.190
           2398	 -0.020
           2399	  0.220
           2400	  0.485
           2401	  0.715
           2402	  0.845
           2403	  0.885
           2404	  0.790
           2405	  0.560
           2406	  0.225
           2407	 -0.070
           2408	 -0.285
           2409	 -0.425
           2410	 -0.500
           2411	 -0.550
           2412	 -0.535
           2413	 -0.500
           2414	 -0.465
           2415	 -0.450
           2416	 -0.450
           2417	 -0.435
           2418	 -0.420
           2419	 -0.410
           2420	 -0.410
           2421	 -0.415
           2422	 -0.420
           2423	 -0.425
           2424	 -0.420
           2425	 -0.430
           2426	 -0.430
           2427	 -0.440
           2428	 -0.450
           2429	 -0.450
           2430	 -0.430
           2431	 -0.430
           2432	 -0.430
           2433	 -0.445
           2434	 -0.445
           2435	 -0.440
           2436	 -0.425
           2437	 -0.430
           2438	 -0.430
           2439	 -0.425
           2440	 -0.445
           2441	 -0.445
           2442	 -0.430
           2443	 -0.435
           2444	 -0.435
           2445	 -0.445
           2446	 -0.445
           2447	 -0.435
           2448	 -0.430
           2449	 -0.425
           2450	 -0.430
           2451	 -0.430
           2452	 -0.440
           2453	 -0.420
           2454	 -0.430
           2455	 -0.425
           2456	 -0.430
           2457	 -0.440
           2458	 -0.440
           2459	 -0.430
           2460	 -0.430
           2461	 -0.415
           2462	 -0.425
           2463	 -0.430
           2464	 -0.455
           2465	 -0.445
           2466	 -0.445
           2467	 -0.430
           2468	 -0.430
           2469	 -0.440
           2470	 -0.440
           2471	 -0.435
           2472	 -0.430
           2473	 -0.415
           2474	 -0.415
           2475	 -0.425
           2476	 -0.425
           2477	 -0.420
           2478	 -0.405
           2479	 -0.405
           2480	 -0.415
           2481	 -0.415
           2482	 -0.425
           2483	 -0.430
           2484	 -0.405
           2485	 -0.405
           2486	 -0.405
           2487	 -0.405
           2488	 -0.430
           2489	 -0.415
           2490	 -0.410
           2491	 -0.415
           2492	 -0.430
           2493	 -0.445
           2494	 -0.465
           2495	 -0.460
           2496	 -0.450
           2497	 -0.455
           2498	 -0.460
           2499	 -0.465
           2500	 -0.485
           2501	 -0.495
           2502	 -0.475
           2503	 -0.490
           2504	 -0.500
           2505	 -0.495
           2506	 -0.515
           2507	 -0.500
           2508	 -0.485
           2509	 -0.490
           2510	 -0.485
           2511	 -0.500
           2512	 -0.500
           2513	 -0.490
           2514	 -0.480
           2515	 -0.460
           2516	 -0.460
           2517	 -0.470
           2518	 -0.465
           2519	 -0.440
           2520	 -0.430
           2521	 -0.425
           2522	 -0.410
           2523	 -0.410
           2524	 -0.400
           2525	 -0.390
           2526	 -0.380
           2527	 -0.355
           2528	 -0.350
           2529	 -0.355
           2530	 -0.350
           2531	 -0.340
           2532	 -0.330
           2533	 -0.325
           2534	 -0.305
           2535	 -0.320
           2536	 -0.315
           2537	 -0.305
           2538	 -0.300
           2539	 -0.305
           2540	 -0.305
           2541	 -0.310
           2542	 -0.330
           2543	 -0.310
           2544	 -0.315
           2545	 -0.315
           2546	 -0.320
           2547	 -0.325
           2548	 -0.325
           2549	 -0.325
           2550	 -0.310
           2551	 -0.310
           2552	 -0.315
           2553	 -0.325
           2554	 -0.330
           2555	 -0.325
           2556	 -0.325
           2557	 -0.315
           2558	 -0.320
           2559	 -0.330
           2560	 -0.335
           2561	 -0.330
           2562	 -0.315
           2563	 -0.320
           2564	 -0.320
           2565	 -0.335
           2566	 -0.335
           2567	 -0.325
           2568	 -0.325
           2569	 -0.320
           2570	 -0.320
           2571	 -0.325
           2572	 -0.350
           2573	 -0.345
           2574	 -0.345
           2575	 -0.335
           2576	 -0.345
           2577	 -0.355
           2578	 -0.355
           2579	 -0.355
           2580	 -0.345
           2581	 -0.335
           2582	 -0.335
           2583	 -0.345
           2584	 -0.355
           2585	 -0.340
           2586	 -0.335
           2587	 -0.330
           2588	 -0.335
           2589	 -0.345
           2590	 -0.350
           2591	 -0.350
           2592	 -0.340
           2593	 -0.335
           2594	 -0.330
           2595	 -0.360
           2596	 -0.355
           2597	 -0.345
           2598	 -0.335
           2599	 -0.345
           2600	 -0.350
           2601	 -0.360
           2602	 -0.380
           2603	 -0.370
           2604	 -0.345
           2605	 -0.345
           2606	 -0.350
           2607	 -0.355
           2608	 -0.365
           2609	 -0.360
           2610	 -0.345
           2611	 -0.345
           2612	 -0.350
           2613	 -0.360
           2614	 -0.360
           2615	 -0.350
           2616	 -0.355
           2617	 -0.340
           2618	 -0.345
           2619	 -0.355
           2620	 -0.355
           2621	 -0.355
           2622	 -0.340
           2623	 -0.340
           2624	 -0.345
           2625	 -0.365
           2626	 -0.370
           2627	 -0.350
           2628	 -0.330
           2629	 -0.320
           2630	 -0.315
           2631	 -0.295
           2632	 -0.305
           2633	 -0.295
           2634	 -0.300
           2635	 -0.285
           2636	 -0.275
           2637	 -0.260
           2638	 -0.275
           2639	 -0.265
           2640	 -0.260
           2641	 -0.250
           2642	 -0.245
           2643	 -0.255
           2644	 -0.265
           2645	 -0.260
           2646	 -0.260
           2647	 -0.250
           2648	 -0.260
           2649	 -0.280
           2650	 -0.280
           2651	 -0.275
           2652	 -0.285
           2653	 -0.280
           2654	 -0.255
           2655	 -0.245
           2656	 -0.245
           2657	 -0.260
           2658	 -0.285
           2659	 -0.290
           2660	 -0.300
           2661	 -0.320
           2662	 -0.335
           2663	 -0.355
           2664	 -0.350
           2665	 -0.355
           2666	 -0.355
           2667	 -0.375
           2668	 -0.385
           2669	 -0.380
           2670	 -0.360
           2671	 -0.350
           2672	 -0.360
           2673	 -0.365
           2674	 -0.370
           2675	 -0.370
           2676	 -0.365
           2677	 -0.360
           2678	 -0.365
           2679	 -0.370
           2680	 -0.385
           2681	 -0.385
           2682	 -0.365
           2683	 -0.360
           2684	 -0.380
           2685	 -0.385
           2686	 -0.395
           2687	 -0.395
           2688	 -0.385
           2689	 -0.380
           2690	 -0.395
           2691	 -0.425
           2692	 -0.465
           2693	 -0.500
           2694	 -0.515
           2695	 -0.530
           2696	 -0.560
           2697	 -0.585
           2698	 -0.530
           2699	 -0.410
           2700	 -0.255
           2701	 -0.105
           2702	  0.105
           2703	  0.355
           2704	  0.600
           2705	  0.810
           2706	  0.890
           2707	  0.830
           2708	  0.580
           2709	  0.185
           2710	 -0.205
           2711	 -0.450
           2712	 -0.525
           2713	 -0.495
           2714	 -0.465
           2715	 -0.435
           2716	 -0.415
           2717	 -0.415
           2718	 -0.415
           2719	 -0.400
           2720	 -0.395
           2721	 -0.405
           2722	 -0.425
           2723	 -0.435
           2724	 -0.415
           2725	 -0.415
           2726	 -0.415
           2727	 -0.415
           2728	 -0.430
           2729	 -0.420
           2730	 -0.410
           2731	 -0.405
           2732	 -0.420
           2733	 -0.410
           2734	 -0.420
           2735	 -0.400
           2736	 -0.395
           2737	 -0.385
           2738	 -0.400
           2739	 -0.400
           2740	 -0.400
           2741	 -0.400
           2742	 -0.395
           2743	 -0.400
           2744	 -0.400
           2745	 -0.400
           2746	 -0.410
           2747	 -0.395
           2748	 -0.410
           2749	 -0.400
           2750	 -0.395
           2751	 -0.405
           2752	 -0.410
           2753	 -0.415
           2754	 -0.405
           2755	 -0.400
           2756	 -0.395
           2757	 -0.405
           2758	 -0.415
           2759	 -0.405
           2760	 -0.415
           2761	 -0.410
           2762	 -0.405
           2763	 -0.405
           2764	 -0.410
           2765	 -0.405
           2766	 -0.400
           2767	 -0.395
           2768	 -0.405
           2769	 -0.405
           2770	 -0.400
           2771	 -0.395
           2772	 -0.390
           2773	 -0.395
           2774	 -0.390
           2775	 -0.395
           2776	 -0.420
           2777	 -0.415
           2778	 -0.405
           2779	 -0.400
           2780	 -0.400
           2781	 -0.415
           2782	 -0.420
           2783	 -0.410
           2784	 -0.395
           2785	 -0.400
           2786	 -0.405
           2787	 -0.415
           2788	 -0.435
           2789	 -0.415
           2790	 -0.415
           2791	 -0.400
           2792	 -0.405
           2793	 -0.420
           2794	 -0.430
           2795	 -0.425
           2796	 -0.410
           2797	 -0.410
           2798	 -0.405
           2799	 -0.415
           2800	 -0.425
           2801	 -0.425
           2802	 -0.420
           2803	 -0.410
           2804	 -0.410
           2805	 -0.420
           2806	 -0.430
           2807	 -0.425
           2808	 -0.420
           2809	 -0.405
           2810	 -0.415
           2811	 -0.410
           2812	 -0.410
           2813	 -0.385
           2814	 -0.370
           2815	 -0.360
           2816	 -0.350
           2817	 -0.350
           2818	 -0.350
           2819	 -0.335
           2820	 -0.320
           2821	 -0.305
           2822	 -0.315
           2823	 -0.315
           2824	 -0.320
           2825	 -0.305
           2826	 -0.305
           2827	 -0.295
           2828	 -0.290
           2829	 -0.295
           2830	 -0.295
           2831	 -0.285
           2832	 -0.285
           2833	 -0.270
           2834	 -0.280
           2835	 -0.280
           2836	 -0.295
           2837	 -0.280
           2838	 -0.285
           2839	 -0.275
           2840	 -0.285
           2841	 -0.295
           2842	 -0.305
           2843	 -0.295
           2844	 -0.285
           2845	 -0.285
           2846	 -0.290
           2847	 -0.300
           2848	 -0.310
           2849	 -0.295
           2850	 -0.300
           2851	 -0.290
           2852	 -0.285
           2853	 -0.305
           2854	 -0.310
           2855	 -0.300
           2856	 -0.295
           2857	 -0.305
           2858	 -0.300
           2859	 -0.305
           2860	 -0.320
           2861	 -0.320
           2862	 -0.310
           2863	 -0.300
           2864	 -0.310
           2865	 -0.320
           2866	 -0.340
           2867	 -0.330
           2868	 -0.310
           2869	 -0.315
           2870	 -0.325
           2871	 -0.325
           2872	 -0.345
           2873	 -0.330
           2874	 -0.320
           2875	 -0.320
           2876	 -0.335
           2877	 -0.335
           2878	 -0.355
           2879	 -0.340
           2880	 -0.320
           2881	 -0.315
           2882	 -0.330
           2883	 -0.340
           2884	 -0.340
           2885	 -0.350
           2886	 -0.330
           2887	 -0.330
           2888	 -0.340
           2889	 -0.350
           2890	 -0.355
           2891	 -0.345
           2892	 -0.335
           2893	 -0.335
           2894	 -0.340
           2895	 -0.340
           2896	 -0.345
           2897	 -0.335
           2898	 -0.335
           2899	 -0.325
           2900	 -0.325
           2901	 -0.335
           2902	 -0.340
           2903	 -0.340
           2904	 -0.320
           2905	 -0.315
           2906	 -0.320
           2907	 -0.335
           2908	 -0.335
           2909	 -0.320
           2910	 -0.325
           2911	 -0.315
           2912	 -0.320
           2913	 -0.320
           2914	 -0.345
           2915	 -0.335
           2916	 -0.320
           2917	 -0.310
           2918	 -0.320
           2919	 -0.320
           2920	 -0.340
           2921	 -0.330
           2922	 -0.320
           2923	 -0.310
           2924	 -0.310
           2925	 -0.310
           2926	 -0.295
           2927	 -0.280
           2928	 -0.255
           2929	 -0.250
           2930	 -0.250
           2931	 -0.255
           2932	 -0.260
           2933	 -0.240
           2934	 -0.220
           2935	 -0.230
           2936	 -0.230
           2937	 -0.215
           2938	 -0.220
           2939	 -0.225
           2940	 -0.230
           2941	 -0.230
           2942	 -0.235
           2943	 -0.245
           2944	 -0.255
           2945	 -0.240
           2946	 -0.235
           2947	 -0.245
           2948	 -0.235
           2949	 -0.230
           2950	 -0.220
           2951	 -0.195
           2952	 -0.220
           2953	 -0.245
           2954	 -0.260
           2955	 -0.270
           2956	 -0.290
           2957	 -0.300
           2958	 -0.305
           2959	 -0.305
           2960	 -0.320
           2961	 -0.330
           2962	 -0.350
           2963	 -0.350
           2964	 -0.335
           2965	 -0.335
           2966	 -0.335
           2967	 -0.340
           2968	 -0.350
           2969	 -0.350
           2970	 -0.345
           2971	 -0.335
           2972	 -0.345
           2973	 -0.355
           2974	 -0.370
           2975	 -0.350
           2976	 -0.345
           2977	 -0.335
           2978	 -0.335
           2979	 -0.335
           2980	 -0.355
           2981	 -0.355
           2982	 -0.345
           2983	 -0.355
           2984	 -0.395
           2985	 -0.450
           2986	 -0.480
           2987	 -0.505
           2988	 -0.525
           2989	 -0.545
           2990	 -0.500
           2991	 -0.395
           2992	 -0.255
           2993	 -0.070
           2994	  0.145
           2995	  0.425
           2996	  0.685
           2997	  0.875
           2998	  0.925
           2999	  0.795
           3000	  0.470
           3001	  0.020
           3002	 -0.325
           3003	 -0.470
           3004	 -0.485
           3005	 -0.410
           3006	 -0.365
           3007	 -0.355
           3008	 -0.365
           3009	 -0.380
           3010	 -0.385
           3011	 -0.380
           3012	 -0.370
           3013	 -0.370
           3014	 -0.375
           3015	 -0.385
           3016	 -0.395
           3017	 -0.385
           3018	 -0.380
           3019	 -0.385
           3020	 -0.375
           3021	 -0.390
           3022	 -0.405
           3023	 -0.405
           3024	 -0.390
           3025	 -0.385
           3026	 -0.385
           3027	 -0.390
           3028	 -0.410
           3029	 -0.400
           3030	 -0.390
           3031	 -0.385
           3032	 -0.385
           3033	 -0.395
           3034	 -0.390
           3035	 -0.395
           3036	 -0.380
           3037	 -0.375
           3038	 -0.380
           3039	 -0.385
           3040	 -0.400
           3041	 -0.385
           3042	 -0.380
           3043	 -0.375
           3044	 -0.380
           3045	 -0.395
           3046	 -0.395
           3047	 -0.385
           3048	 -0.375
           3049	 -0.370
           3050	 -0.365
           3051	 -0.385
           3052	 -0.395
           3053	 -0.385
           3054	 -0.385
           3055	 -0.370
           3056	 -0.375
           3057	 -0.370
           3058	 -0.375
           3059	 -0.375
           3060	 -0.370
           3061	 -0.355
           3062	 -0.365
           3063	 -0.380
           3064	 -0.375
           3065	 -0.370
           3066	 -0.380
           3067	 -0.365
           3068	 -0.370
           3069	 -0.375
           3070	 -0.390
           3071	 -0.380
           3072	 -0.375
           3073	 -0.380
           3074	 -0.370
           3075	 -0.375
           3076	 -0.380
           3077	 -0.385
           3078	 -0.385
           3079	 -0.370
           3080	 -0.375
           3081	 -0.375
           3082	 -0.380
           3083	 -0.380
           3084	 -0.380
           3085	 -0.380
           3086	 -0.375
           3087	 -0.390
           3088	 -0.395
           3089	 -0.385
           3090	 -0.385
           3091	 -0.375
           3092	 -0.375
           3093	 -0.385
           3094	 -0.385
           3095	 -0.390
           3096	 -0.370
           3097	 -0.365
           3098	 -0.365
           3099	 -0.375
           3100	 -0.385
           3101	 -0.350
           3102	 -0.345
           3103	 -0.325
           3104	 -0.325
           3105	 -0.330
           3106	 -0.325
           3107	 -0.325
           3108	 -0.315
           3109	 -0.315
           3110	 -0.315
           3111	 -0.300
           3112	 -0.300
           3113	 -0.285
           3114	 -0.270
           3115	 -0.265
           3116	 -0.260
           3117	 -0.275
           3118	 -0.285
           3119	 -0.265
           3120	 -0.255
           3121	 -0.250
           3122	 -0.270
           3123	 -0.280
           3124	 -0.285
           3125	 -0.285
           3126	 -0.280
           3127	 -0.270
           3128	 -0.270
           3129	 -0.270
           3130	 -0.285
           3131	 -0.280
           3132	 -0.275
           3133	 -0.270
           3134	 -0.265
           3135	 -0.275
           3136	 -0.290
           3137	 -0.285
           3138	 -0.285
           3139	 -0.275
           3140	 -0.270
           3141	 -0.280
           3142	 -0.295
           3143	 -0.280
           3144	 -0.270
           3145	 -0.270
           3146	 -0.275
           3147	 -0.285
           3148	 -0.300
           3149	 -0.295
           3150	 -0.290
           3151	 -0.295
           3152	 -0.300
           3153	 -0.290
           3154	 -0.305
           3155	 -0.295
           3156	 -0.290
           3157	 -0.295
           3158	 -0.290
           3159	 -0.310
           3160	 -0.320
           3161	 -0.315
           3162	 -0.315
           3163	 -0.300
           3164	 -0.305
           3165	 -0.315
           3166	 -0.330
           3167	 -0.320
           3168	 -0.305
           3169	 -0.315
           3170	 -0.305
           3171	 -0.315
           3172	 -0.325
           3173	 -0.310
           3174	 -0.295
           3175	 -0.300
           3176	 -0.305
           3177	 -0.310
           3178	 -0.325
           3179	 -0.315
           3180	 -0.315
           3181	 -0.305
           3182	 -0.305
           3183	 -0.325
           3184	 -0.320
           3185	 -0.320
           3186	 -0.310
           3187	 -0.305
           3188	 -0.320
           3189	 -0.320
           3190	 -0.320
           3191	 -0.310
           3192	 -0.305
           3193	 -0.290
           3194	 -0.285
           3195	 -0.290
           3196	 -0.305
           3197	 -0.310
           3198	 -0.300
           3199	 -0.300
           3200	 -0.310
           3201	 -0.315
           3202	 -0.315
           3203	 -0.310
           3204	 -0.295
           3205	 -0.300
           3206	 -0.295
           3207	 -0.315
           3208	 -0.310
           3209	 -0.290
           3210	 -0.265
           3211	 -0.240
           3212	 -0.255
           3213	 -0.240
           3214	 -0.250
           3215	 -0.225
           3216	 -0.225
           3217	 -0.215
           3218	 -0.210
           3219	 -0.200
           3220	 -0.195
           3221	 -0.195
           3222	 -0.180
           3223	 -0.175
           3224	 -0.180
           3225	 -0.205
           3226	 -0.215
           3227	 -0.210
           3228	 -0.210
           3229	 -0.210
           3230	 -0.210
           3231	 -0.215
           3232	 -0.225
           3233	 -0.210
           3234	 -0.180
           3235	 -0.170
           3236	 -0.185
           3237	 -0.240
           3238	 -0.255
           3239	 -0.255
           3240	 -0.270
           3241	 -0.275
           3242	 -0.285
           3243	 -0.300
           3244	 -0.300
           3245	 -0.315
           3246	 -0.305
           3247	 -0.300
           3248	 -0.295
           3249	 -0.300
           3250	 -0.315
           3251	 -0.310
           3252	 -0.310
           3253	 -0.300
           3254	 -0.300
           3255	 -0.305
           3256	 -0.315
           3257	 -0.325
           3258	 -0.320
           3259	 -0.320
           3260	 -0.320
           3261	 -0.325
           3262	 -0.340
           3263	 -0.335
           3264	 -0.325
           3265	 -0.315
           3266	 -0.320
           3267	 -0.345
           3268	 -0.370
           3269	 -0.395
           3270	 -0.425
           3271	 -0.445
           3272	 -0.465
           3273	 -0.510
           3274	 -0.530
           3275	 -0.485
           3276	 -0.370
           3277	 -0.235
           3278	 -0.090
           3279	  0.105
           3280	  0.375
           3281	  0.655
           3282	  0.820
           3283	  0.865
           3284	  0.735
           3285	  0.450
           3286	  0.060
           3287	 -0.270
           3288	 -0.430
           3289	 -0.460
           3290	 -0.415
           3291	 -0.385
           3292	 -0.365
           3293	 -0.355
           3294	 -0.355
           3295	 -0.345
           3296	 -0.350
           3297	 -0.350
           3298	 -0.360
           3299	 -0.345
           3300	 -0.340
           3301	 -0.340
           3302	 -0.335
           3303	 -0.335
           3304	 -0.355
           3305	 -0.345
           3306	 -0.340
           3307	 -0.335
           3308	 -0.340
           3309	 -0.350
           3310	 -0.365
           3311	 -0.360
           3312	 -0.365
           3313	 -0.350
           3314	 -0.345
           3315	 -0.365
           3316	 -0.360
           3317	 -0.350
           3318	 -0.355
           3319	 -0.350
           3320	 -0.355
           3321	 -0.350
           3322	 -0.360
           3323	 -0.335
           3324	 -0.335
           3325	 -0.330
           3326	 -0.340
           3327	 -0.350
           3328	 -0.350
           3329	 -0.345
           3330	 -0.335
           3331	 -0.345
           3332	 -0.355
           3333	 -0.355
           3334	 -0.370
           3335	 -0.355
           3336	 -0.350
           3337	 -0.345
           3338	 -0.365
           3339	 -0.365
           3340	 -0.370
           3341	 -0.365
           3342	 -0.355
           3343	 -0.345
           3344	 -0.345
           3345	 -0.345
           3346	 -0.340
           3347	 -0.335
           3348	 -0.325
           3349	 -0.335
           3350	 -0.345
           3351	 -0.350
           3352	 -0.350
           3353	 -0.355
           3354	 -0.355
           3355	 -0.360
           3356	 -0.350
           3357	 -0.360
           3358	 -0.365
           3359	 -0.345
           3360	 -0.345
           3361	 -0.330
           3362	 -0.350
           3363	 -0.345
           3364	 -0.355
           3365	 -0.350
           3366	 -0.340
           3367	 -0.335
           3368	 -0.350
           3369	 -0.365
           3370	 -0.380
           3371	 -0.385
           3372	 -0.355
           3373	 -0.360
           3374	 -0.355
           3375	 -0.370
           3376	 -0.385
           3377	 -0.370
           3378	 -0.370
           3379	 -0.350
           3380	 -0.345
           3381	 -0.365
           3382	 -0.365
           3383	 -0.360
           3384	 -0.345
           3385	 -0.330
           3386	 -0.330
           3387	 -0.330
           3388	 -0.335
           3389	 -0.315
           3390	 -0.310
           3391	 -0.285
           3392	 -0.290
           3393	 -0.290
           3394	 -0.300
           3395	 -0.280
           3396	 -0.275
           3397	 -0.260
           3398	 -0.260
           3399	 -0.270
           3400	 -0.265
           3401	 -0.255
           3402	 -0.250
           3403	 -0.245
           3404	 -0.245
           3405	 -0.255
           3406	 -0.265
           3407	 -0.260
           3408	 -0.255
           3409	 -0.240
           3410	 -0.250
           3411	 -0.255
           3412	 -0.275
           3413	 -0.275
           3414	 -0.265
           3415	 -0.270
           3416	 -0.275
           3417	 -0.280
           3418	 -0.290
           3419	 -0.280
           3420	 -0.275
           3421	 -0.270
           3422	 -0.270
           3423	 -0.280
           3424	 -0.290
           3425	 -0.280
           3426	 -0.285
           3427	 -0.275
           3428	 -0.290
           3429	 -0.280
           3430	 -0.290
           3431	 -0.280
           3432	 -0.285
           3433	 -0.275
           3434	 -0.280
           3435	 -0.295
           3436	 -0.305
           3437	 -0.300
           3438	 -0.300
           3439	 -0.305
           3440	 -0.315
           3441	 -0.320
           3442	 -0.310
           3443	 -0.310
           3444	 -0.300
           3445	 -0.310
           3446	 -0.310
           3447	 -0.320
           3448	 -0.325
           3449	 -0.310
           3450	 -0.320
           3451	 -0.310
           3452	 -0.310
           3453	 -0.315
           3454	 -0.325
           3455	 -0.315
           3456	 -0.305
           3457	 -0.315
           3458	 -0.310
           3459	 -0.320
           3460	 -0.325
           3461	 -0.325
           3462	 -0.320
           3463	 -0.305
           3464	 -0.305
           3465	 -0.300
           3466	 -0.315
           3467	 -0.300
           3468	 -0.310
           3469	 -0.315
           3470	 -0.305
           3471	 -0.310
           3472	 -0.320
           3473	 -0.310
           3474	 -0.300
           3475	 -0.295
           3476	 -0.300
           3477	 -0.315
           3478	 -0.325
           3479	 -0.325
           3480	 -0.305
           3481	 -0.310
           3482	 -0.290
           3483	 -0.315
           3484	 -0.325
           3485	 -0.320
           3486	 -0.290
           3487	 -0.280
           3488	 -0.260
           3489	 -0.260
           3490	 -0.265
           3491	 -0.260
           3492	 -0.250
           3493	 -0.230
           3494	 -0.220
           3495	 -0.220
           3496	 -0.235
           3497	 -0.220
           3498	 -0.205
           3499	 -0.205
           3500	 -0.210
           3501	 -0.210
           3502	 -0.230
           3503	 -0.240
           3504	 -0.230
           3505	 -0.225
           3506	 -0.235
           3507	 -0.250
           3508	 -0.265
           3509	 -0.260
           3510	 -0.245
           3511	 -0.215
           3512	 -0.215
           3513	 -0.245
           3514	 -0.280
           3515	 -0.275
           3516	 -0.275
           3517	 -0.295
           3518	 -0.310
           3519	 -0.325
           3520	 -0.340
           3521	 -0.340
           3522	 -0.325
           3523	 -0.315
           3524	 -0.310
           3525	 -0.315
           3526	 -0.330
           3527	 -0.330
           3528	 -0.325
           3529	 -0.325
           3530	 -0.335
           3531	 -0.345
           3532	 -0.350
           3533	 -0.350
           3534	 -0.350
           3535	 -0.345
           3536	 -0.350
           3537	 -0.365
           3538	 -0.360
           3539	 -0.350
           3540	 -0.355
           3541	 -0.345
           3542	 -0.345
           3543	 -0.350
           3544	 -0.365
           3545	 -0.380
           3546	 -0.405
           3547	 -0.425
           3548	 -0.440
           3549	 -0.470
           3550	 -0.520
           3551	 -0.540
           3552	 -0.490
           3553	 -0.390
           3554	 -0.260
           3555	 -0.115
           3556	  0.085
           3557	  0.360
           3558	  0.615
           3559	  0.780
           3560	  0.835
           3561	  0.720
           3562	  0.410
           3563	  0.030
           3564	 -0.255
           3565	 -0.415
           3566	 -0.470
           3567	 -0.465
           3568	 -0.435
           3569	 -0.395
           3570	 -0.375
           3571	 -0.370
           3572	 -0.375
           3573	 -0.375
           3574	 -0.390
           3575	 -0.400
           3576	 -0.380
           3577	 -0.385
           3578	 -0.385
           3579	 -0.385
           3580	 -0.385
           3581	 -0.370
           3582	 -0.370
           3583	 -0.360
           3584	 -0.380
           3585	 -0.380
           3586	 -0.385
           3587	 -0.370
           3588	 -0.370
           3589	 -0.365
           3590	 -0.375
           3591	 -0.385
           3592	 -0.390
           3593	 -0.390
           3594	 -0.385
           3595	 -0.385
           3596	 -0.395
           3597	 -0.390
           3598	 -0.400
           3599	 -0.405